# create time series for testing properties of distance measures

# Uniqueness ----

test.unq.a <- c(1, 1, 2, 2, 1, 1, 1, 1, 1, 1)
test.unq.b <- c(1, 1, 2, 2, 1, 1, 1, 1, 1, 1)

tslistx.unq <- list(test.unq.b)
tslisty.unq <- list(test.unq.a)

# Symmetry ----

test.sym.a <- c(1, 1, 2, 2, 1, 1, 1, 1, 1, 1)
test.sym.b <- c(3, 0.1, 1, 3, 0.1, 2, 4, 2, 2, 2)

tslistx.sym <- list(test.sym.b,
                    test.sym.a)
tslisty.sym <- list(test.sym.a,
                    test.sym.b)

# Translation invariance/sensitivity ----

test.trans.a <- c(1, 1, 2, 2, 1, 1, 1, 1, 1, 1)
test.trans.b <- c(1.1, 1.1, 2.1, 2.1, 1.1, 1.1, 1.1, 1.1, 1.1, 1.1)
test.trans.c <- c(1.2, 1.2, 2.2, 2.2, 1.2, 1.2, 1.2, 1.2, 1.2, 1.2)
test.trans.d <- c(1.3, 1.3, 2.3, 2.3, 1.3, 1.3, 1.3, 1.3, 1.3, 1.3)
test.trans.e <- c(1.4, 1.4, 2.4, 2.4, 1.4, 1.4, 1.4, 1.4, 1.4, 1.4)
test.trans.f <- c(1.5, 1.5, 2.5, 2.5, 1.5, 1.5, 1.5, 1.5, 1.5, 1.5)
test.trans.g <- c(2, 2, 3, 3, 2, 2, 2, 2, 2, 2)
#test.trans.b <- c(2, 2, 3, 3, 2, 2, 2, 2, 2, 2)
test.trans.i <- c(3, 3, 4, 4, 3, 3, 3, 3, 3, 3)
#test.trans.d <- c(4, 4, 5, 5, 4, 4, 4, 4, 4, 4)
test.trans.k <- c(5, 5, 6, 6, 5, 5, 5, 5, 5, 5)

tslistx.trans <- list(test.trans.b,
                    test.trans.c,
                    test.trans.d,
                    test.trans.e)
tslisty.trans <- list(test.trans.a,
                    test.trans.a,
                    test.trans.a,
                    test.trans.a)

# Scale invariance/sensitivity ----

test.scale.a <- c(1, 1, 2, 2, 1, 1, 1, 1, 1, 1)
test.scale.b <- c(1.1, 1.1, 2.2, 2.2, 1.1, 1.1, 1.1, 1.1, 1.1, 1.1)
test.scale.c <- c(1.2, 1.2, 2.4, 2.4, 1.2, 1.2, 1.2, 1.2, 1.2, 1.2)
test.scale.d <- c(1.3, 1.3, 2.6, 2.6, 1.3, 1.3, 1.3, 1.3, 1.3, 1.3)
test.scale.e <- c(1.4, 1.4, 2.8, 2.8, 1.4, 1.4, 1.4, 1.4, 1.4, 1.4)
#test.scale.b <- c(2, 2, 4, 4, 2, 2, 2, 2, 2, 2)
#test.scale.c <- c(3, 3, 6, 6, 3, 3, 3, 3, 3, 3)
#test.scale.d <- c(4, 4, 8, 8, 4, 4, 4, 4, 4, 4)
#test.scale.e <- c(5, 5, 10, 10, 5, 5, 5, 5, 5, 5)

tslistx.scale <- list(test.scale.b,
                      test.scale.c,
                      test.scale.d,
                      test.scale.e)
tslisty.scale <- list(test.scale.a,
                      test.scale.a,
                      test.scale.a,
                      test.scale.a)

# Phase invariance ----

#test.phase.a <- c(1, 1, 2, 2, 1, 1, 1, 1, 1, 1)
#test.phase.b <- c(1, 1, 1, 2, 2, 1, 1, 1, 1, 1)
#test.phase.c <- c(1, 1, 1, 1, 2, 2, 1, 1, 1, 1)
#test.phase.d <- c(1, 1, 1, 1, 1, 2, 2, 1, 1, 1)
#test.phase.e <- c(1, 1, 1, 1, 1, 1, 2, 2, 1, 1)

test.phase.a <- c(1, 4, 2, 1, 3, 1, 1, 4, 1, 5)
test.phase.b <- c(5, 1, 4, 2, 1, 3, 1, 1, 4, 1)
test.phase.c <- c(1, 5, 1, 4, 2, 1, 3, 1, 1, 4)
test.phase.d <- c(4, 1, 5, 1, 4, 2, 1, 3, 1, 1)
test.phase.e <- c(1, 4, 1, 5, 1, 4, 2, 1, 3, 1)

tslistx.phase <- list(test.phase.b,
                      test.phase.c,
                      test.phase.d,
                      test.phase.e)
tslisty.phase <- list(test.phase.a,
                      test.phase.a,
                      test.phase.a,
                      test.phase.a)

# Uniform time scaling invariance ----

test.uni.a <- c(1, 2, 3, 2, 1, 1, 2, 3, 2, 1, 1)
test.uni.b <- c(1, 1.66, 2.33, 3, 2.33, 1.66, 1, 1, 1.33, 2, 2.66, 2.66, 2, 1.33, 1, 1)
test.uni.c <- c(1, 1.5, 2, 2.5, 3, 2.5, 2, 1.5, 1, 1, 1, 1.5, 2, 2.5, 3, 2.5, 2, 1.5, 1, 1, 1)
test.uni.d <- c(1, 1.4, 1.8, 2.2, 2.6, 3, 2.6, 2.2, 1.8, 1.4, 1, 1, 1, 1.2, 1.6, 2, 2.4, 2.8, 2.8, 2.4, 2, 1.6, 1.2, 1, 1, 1)
test.uni.e <- c(1, 1.33, 1.66, 2, 2.33, 2.66, 3, 2.66, 2.33, 2, 1.66, 1.33, 1, 1, 1, 1, 1.33, 1.66, 2, 2.33, 2.66, 3, 2.66, 2.33, 2, 1.66, 1.33, 1, 1, 1, 1)

tslistx.uni <- list(test.uni.b,
                    test.uni.c,
                    test.uni.d,
                    test.uni.e)
tslisty.uni <- list(test.uni.a,
                    test.uni.a,
                    test.uni.a,
                    test.uni.a)

# Warping invariance (local time scaling invariance) ----

test.warp.a <- c(1, 2, 3, 2, 1, 1, 2, 3, 2, 1)
test.warp.b <- c(1, 2, 3, 2, 1, 1, 1, 2, 3, 2, 1)
test.warp.c <- c(1, 2, 3, 2, 1, 1, 1, 1, 2, 3, 2, 1)
test.warp.d <- c(1, 2, 3, 2, 1, 1, 1, 1, 1, 2, 3, 2, 1)
test.warp.e <- c(1, 2, 3, 2, 1, 1, 1, 1, 1, 1, 2, 3, 2, 1)

tslistx.warp <- list(test.warp.b,
                     test.warp.c,
                     test.warp.d,
                     test.warp.e)
tslisty.warp <- list(test.warp.a,
                     test.warp.a,
                     test.warp.a,
                     test.warp.a)

# Point order dependence ----
# this test is pointless
# any measure that fails is useless for comparing time series

#test.ord.a <- c(1, 1, 6, 3, 1, 1, 1, 2, 3, 2)
#test.ord.b <- c(1, 3, 1, 6, 1, 1, 2, 3, 1, 2) # randomly reordered test.ord.a using sample function
#test.ord.c <- c(6, 2, 1, 2, 1, 1, 1, 1, 3, 3)
#test.ord.d <- c(2, 1, 1, 1, 3, 1, 3, 6, 2, 1)
#test.ord.e <- c(1, 1, 6, 1, 2, 3, 1, 3, 2, 1)
#test.ord.f <- c(2, 2, 1, 1, 3, 3, 1, 1, 1, 6)
#test.ord.g <- c(3, 1, 1, 1, 1, 6, 2, 2, 1, 3)
#test.ord.h <- c(2, 2, 1, 1, 1, 3, 1, 3, 6, 1)
#test.ord.i <- c(1, 1, 3, 2, 1, 1, 2, 3, 1, 6)
#test.ord.j <- c(2, 1, 1, 1, 3, 1, 6, 1, 2, 3)
#test.ord.k <- c(3, 1, 1, 3, 2, 6, 1, 2, 1, 1)

#tslistx.ord <- list(test.ord.b, 
#                    test.ord.c, 
#                    test.ord.d, 
#                    test.ord.e, 
#                    test.ord.f, 
#                    test.ord.g,
#                    test.ord.h,
#                    test.ord.i,
#                    test.ord.j,
#                    test.ord.k)
#tslisty.ord <- list(test.ord.a,
#                    test.ord.a,
#                    test.ord.a,
#                    test.ord.a,
#                    test.ord.a,
#                    test.ord.a,
#                    test.ord.a,
#                    test.ord.a,
#                    test.ord.a,
#                    test.ord.a)

#test.ord.a <- c(1,1.3,1.6,1.9,2.2,2.5,2.8,3.1,3.4,3.76)

#tslistx.ord <- list()
#tslisty.ord <- list()
#for (i in 1:1000) {
#  tslistx.ord[[i]] <- sample(test.ord.a, 10)
#  tslisty.ord[[i]] <- test.ord.a
#}

# Amplitude sensitivity ----

test.amp.a <- c(1, 1, 2, 2, 1, 1, 2, 2, 1, 1)
test.amp.b <- c(1, 1, 2.5, 2.5, 1, 1, 2, 2, 1, 1)
test.amp.c <- c(1, 1, 3, 3, 1, 1, 2, 2, 1, 1)
test.amp.d <- c(1, 1, 3.5, 3.5, 1, 1, 2, 2, 1, 1)
test.amp.e <- c(1, 1, 4, 4, 1, 1, 2, 2, 1, 1)

tslistx.amp <- list(test.amp.b,
                      test.amp.c,
                      test.amp.d,
                      test.amp.e)
tslisty.amp <- list(test.amp.a,
                      test.amp.a,
                      test.amp.a,
                      test.amp.a)

# Duration Sensitivity ----

test.dur.a <- c(1, 1, 2, 2, 1, 1, 1, 1, 1, 1)
test.dur.b <- c(1, 1, 2, 2, 2, 1, 1, 1, 1, 1)
test.dur.c <- c(1, 1, 2, 2, 2, 2, 1, 1, 1, 1)
test.dur.d <- c(1, 1, 2, 2, 2, 2, 2, 1, 1, 1)
test.dur.e <- c(1, 1, 2, 2, 2, 2, 2, 2, 1, 1)
test.dur.f <- c(1, 1, 2, 2, 2, 2, 2, 2, 2, 1)
test.dur.g <- c(1, 1, 2, 2, 2, 2, 2, 2, 2, 2)
test.dur.h <- c(1, 2, 2, 2, 2, 2, 2, 2, 2, 2)
test.dur.i <- c(2, 2, 2, 2, 2, 2, 2, 2, 2, 2)
test.dur.j <- c(1, 1, 1, 2, 1, 1, 1, 1, 1, 1)
test.dur.k <- c(1, 1, 1, 1, 1, 1, 1, 1, 1, 1)
#test.dur.a <- c(1, 1, 2, 2, 1, 1, 3, 4, 2, 1)
#test.dur.b <- c(1, 1, 2, 2, 1, 2, 3, 4, 2, 1)
#test.dur.c <- c(1, 1, 2, 2, 1, 2, 4, 4, 2, 1)
#test.dur.d <- c(1, 1, 2, 2, 1, 2, 4, 5, 2, 1)
#test.dur.e <- c(1, 1, 2, 2, 1, 2, 4, 5, 3, 1)

tslistx.dur <- list(test.dur.b,
                      test.dur.c,
                      test.dur.d,
                      test.dur.e)
tslisty.dur <- list(test.dur.a,
                      test.dur.a,
                      test.dur.a,
                      test.dur.a)

# Frequency Sensitivity ----

test.freq.a <- c(1, 2, 1, 1, 1, 1, 1, 1, 1, 1)
test.freq.b <- c(1, 2, 1, 2, 1, 1, 1, 1, 1, 1)
test.freq.c <- c(1, 2, 1, 2, 1, 2, 1, 1, 1, 1)
test.freq.d <- c(1, 2, 1, 2, 1, 2, 1, 2, 1, 1)
test.freq.e <- c(1, 2, 1, 2, 1, 2, 1, 2, 1, 2)

